==== SMALLIMAGES ====
11
0
166
61
1
0
184
2
145
0
3
140
125
4
106
0
5
0
59
6
0
0
7
47
0
8
86
61
9
0
120
10
78
124
==== FRAMES ===
9
4
-5
-80
0
-27
-62
0
12
-64
6
2
-67
1
5
-24
-75
4
-1
-77
2
-27
-61
0
12
-63
6
2
-67
1
3
2
-65
3
20
-57
6
-26
-60
2
3
-37
-60
4
-17
-60
5
7
-61
6
3
-43
-58
4
-22
-59
5
-4
-62
6
2
8
-72
8
-28
-73
7
1
17
-66
9
3
13
-60
4
33
-61
5
55
-57
6
4
-41
-70
9
-51
-70
7
-28
-61
2
-21
-87
10
==== SEQUENCE ====
1,1,1,2,2,2,3,3,3,2,2,2,1,1,4,4,5,5,6,6,7,7,1,1,8,8
50
50
0,0,0,0,0,0,1,1,1,1,1,1,2,2,2,2,2,2,3,3,3,3,3,3
0,0,0,0,0,4,4,4,4,4,5,5,5,5,5,6,6,6,6,6
0
0
