124,805
124,807
124,809
124,811
124,813
124,815
124,817
124,819
124,821
124,823
124,825
124,827
124,829
124,831
124,833
124,835
124,837
124,839
124,841
124,843
124,845
123,654
123,607
123,608
123,561
123,562
123,615
123,616
123,519
123,520
123,423
123,424
123,477
123,478
123,531
123,532
123,435
123,436
123,389
123,390
123,293
123,294
123,194
123,239
123,238
123,183
123,227
123,225
123,226
123,219
123,218
123,206
123,653
123,655
123,609
123,563
123,617
123,521
123,425
123,479
123,533
123,437
123,391
123,295
123,207
123,162
123,163
123,220
123,182
123,151
123,152