125,1446
125,1448
125,1450
125,1445
125,1327
125,1684
125,1683
125,1805
125,1807
125,1809
125,1812
125,1691
125,1696
125,1814
125,1695
125,1577
125,1456
125,1278
125,1279
125,1518
125,1340
125,1461
125,1462
125,1645
125,1646
125,1820
125,1821
125,1758
125,1647
125,1653
125,1652
125,1655
125,1656
125,1657
125,983
125,792
125,669
125,1152
125,1154
125,1089
125,1150
125,973
125,861
125,803
125,916
125,917
125,799
125,678
125,556
125,377
125,378
125,375
125,138
125,139
125,321
125,322
125,383
125,505
125,506
125,507
125,512
125,513
125,514
125,516
125,517
128,399
128,343
128,342
128,581
128,699
128,700
128,698
128,593
128,592
128,714
128,715
128,1017
128,1136
128,1135
128,1254
128,1252
128,1253
128,1251
128,1188
128,1004
128,883
128,1002
128,1001
128,1005
128,1300
128,1484
128,1492
128,1556
128,1557
128,1734
128,1733
128,1731
128,1721
128,1539
128,1845
128,1846
128,1789
128,1670
128,1126
138,1651
138,1649