188,1897
188,1968
188,1965
188,1978
188,1977
188,1980
188,1981
188,1982
188,773
188,775
188,772
188,776
188,364
188,365
188,366
188,857
188,856
188,861
188,862
188,1693
188,1555
188,1761
188,1557
188,1569
188,1570
188,1567
188,728
188,729
188,733
188,732
197,807
197,809
197,811
197,676
197,677
197,680
197,681
197,682
197,966
197,828
197,969
197,967
197,1508
197,1506
197,1514
197,1513
197,1518
197,1519
197,1516
197,2066
197,2065
197,2069
197,2071
197,2072
197,2075
197,1936
197,2077
197,2088
197,2089
197,2084
197,2085
197,2092
197,2093
197,2096
197,2095