58,1750
58,1751
58,1752
58,1688
58,1419
58,1418
58,1489
58,1490
58,1491
58,1358
58,1359
58,1561
58,1760
58,1761
58,1089
58,1226
58,1227
58,1163
58,1164
58,1165
58,961
58,758
58,759
58,694
58,695
58,820
58,819
58,952
58,555
58,492
58,290
58,219
58,221
58,418
58,220
58,1300
58,1499
58,1699
58,1635
58,1636
58,1575
58,1576
58,1370
58,1371
58,1235
59,1646
59,1582
59,1384
59,1385
59,1185
59,1120
59,1057
59,1323
59,1324
59,1261
59,1262
59,1461
59,1598
59,1599
59,1600
59,1805
59,1806
59,1133
59,728
59,727
59,656
59,792
59,853
59,1119
59,988
59,1728
59,1727
59,1523
59,1522
59,1785
59,1784
59,1782
59,1781
59,1779
59,1778
114,1780