118,111
118,120
118,125
118,126
118,127
118,285
118,130
118,286
118,287
118,245
118,246
118,247
118,297
118,298
118,299
118,301
118,302
118,260
118,261
118,262
118,312
118,313
118,315
118,316
118,511
118,512
118,513
118,471
118,472
118,522
118,523
118,481
118,482
118,532
118,533
118,534
118,492
118,493
118,543
118,544
118,790
118,791
118,749
118,799
118,800
118,801
118,759
118,809
118,810
118,811
118,812
118,770
118,820
118,821
118,822
118,1018
118,1020
118,1019
118,1021
118,1028
118,1029
118,1031
118,1032
118,1039
118,1040
118,1041
118,1042
118,1049
118,1050
118,1294
118,1300
118,1301
118,1304
118,1305
118,1311
118,1312
118,1313
118,1314
118,1320
118,1321
118,1328
118,1327
118,194
118,107
118,108
118,208
118,121
118,110