127,1006
127,1159
127,1307
127,1161
127,1162
127,1310
127,1313
127,1265
127,1268
127,1066
127,1067
127,910
127,912
127,1020
127,1071
127,1122
127,1223
127,1224
127,927
127,979
127,1081
127,1229
127,1277
127,1276
127,1133
127,1134
127,1087
127,1089
127,985
127,988
127,611
127,610
127,457
127,403
127,312
127,313
127,167
127,420
127,422
127,325
127,230
127,231
127,337
127,486
127,488
127,590
127,689
127,691
127,793
127,795
127,833
127,884
127,682
127,634
127,686
127,785
127,886
127,1191
127,1042
127,1335
127,1332
127,1338
127,1340
127,1343
127,1345
127,1347
127,613