==== SMALLIMAGES ====
20
0
72
0
1
70
25
2
181
0
3
16
0
4
122
25
5
18
23
6
162
26
7
222
0
8
33
24
9
99
0
10
0
23
11
142
69
12
41
0
13
8
0
14
199
26
15
140
0
16
0
0
17
71
68
18
1
67
19
181
76
==== FRAMES ===
10
3
-20
-25
2
-25
-42
1
0
-48
0
3
-20
-25
2
-25
-41
1
0
-47
0
3
-23
-28
5
-14
-39
4
6
-44
3
3
-18
-26
7
-19
-47
6
1
-54
3
3
-25
-24
15
-20
-42
8
2
-50
3
4
-25
-24
12
7
-8
13
-17
-50
11
8
-45
10
3
-19
-24
15
-26
-65
14
12
-67
17
3
-19
-24
15
-26
-65
14
15
-71
18
3
-19
-24
15
-26
-65
14
31
-61
19
5
-20
-24
15
-13
-42
8
10
-50
3
21
-43
16
27
-45
16
==== SEQUENCE ====
0,0,0,1,1,1,2,2,2,3,3,3,4,4,4,3,3,3,2,2,2,3,3,3,4,4,4,3,3,3,2,2,2,3,3,3,4,4,4,3,3,3,0,0,0,5,5,5,6,6,7,7,8,8,1,1,9,9
50
50
0,0,0,0,0,0,1,1,1,1,1,1,2,2,2,2,2,2,3,3,3,3,3,3
0,0,0,0,0,4,4,4,4,4,5,5,5,5,5,6,6,6,6,6
0
0
